%YAML:1.0
---
K: !!opencv-matrix
   rows: 3
   cols: 3
   dt: d
   data: [ 7.0990419263191927e+02, 0., 3.1950000000000000e+02, 0.,
       7.0990419263191927e+02, 2.3950000000000000e+02, 0., 0., 1. ]
D: !!opencv-matrix
   rows: 1
   cols: 5
   dt: d
   data: [ 1.1368267576750962e-01, 6.9509785975648122e-02, 0., 0., 0. ]
board_width: 11
board_height: 8
square_size: 2.8900000000000001e+00
